              precision    recall  f1-score   support

           0       0.41      0.60      0.49       248
           1       0.81      0.73      0.77      1081
           2       1.00      0.13      0.23        38
           3       0.97      0.41      0.58      1086
           4       0.85      0.83      0.84      4246
           5       0.61      0.49      0.54        63
           6       0.79      0.91      0.85      1532
           7       1.00      0.52      0.69       246
           8       0.82      0.22      0.35        41
           9       1.00      0.46      0.63       372
          10       0.66      0.59      0.62        85
          11       0.98      0.57      0.72       396
          12       0.00      0.00      0.00        23
          13       0.92      0.31      0.47        35
          14       0.80      0.92      0.85      8053
          15       1.00      0.48      0.65        90

    accuracy                           0.81     17635
   macro avg       0.79      0.51      0.58     17635
weighted avg       0.83      0.81      0.80     17635

