              precision    recall  f1-score   support

           0       1.00      0.46      0.63        59
           1       0.84      0.86      0.85      2491
           2       0.77      0.82      0.80      2705
           3       0.49      0.84      0.62       383
           4       0.95      0.70      0.81      1168
           5       0.59      0.70      0.64      1088
           6       0.80      0.79      0.80      4660
           7       0.79      0.74      0.77      5081

    accuracy                           0.78     17635
   macro avg       0.78      0.74      0.74     17635
weighted avg       0.79      0.78      0.78     17635

