              precision    recall  f1-score   support

           0       0.00      0.00      0.00        59
           1       0.90      0.22      0.35      2491
           2       0.36      0.30      0.33      2705
           3       0.00      0.00      0.00       383
           4       0.00      0.00      0.00      1168
           5       0.00      0.00      0.00      1088
           6       0.61      0.17      0.26      4660
           7       0.34      0.90      0.49      5081

    accuracy                           0.38     17635
   macro avg       0.28      0.20      0.18     17635
weighted avg       0.44      0.38      0.31     17635

