              precision    recall  f1-score   support

           0       0.85      0.58      0.69        59
           1       0.82      0.64      0.72      2491
           2       0.72      0.55      0.63      2705
           3       0.75      0.41      0.53       383
           4       0.89      0.54      0.67      1168
           5       0.77      0.27      0.40      1088
           6       0.60      0.70      0.64      4660
           7       0.54      0.73      0.62      5081

    accuracy                           0.63     17635
   macro avg       0.74      0.55      0.61     17635
weighted avg       0.67      0.63      0.63     17635

