              precision    recall  f1-score   support

           0       0.00      0.00      0.00        59
           1       0.78      0.22      0.34      2491
           2       0.54      0.13      0.22      2705
           3       0.00      0.00      0.00       383
           4       0.43      0.00      0.01      1168
           5       0.00      0.00      0.00      1088
           6       0.41      0.25      0.31      4660
           7       0.32      0.85      0.47      5081

    accuracy                           0.36     17635
   macro avg       0.31      0.18      0.17     17635
weighted avg       0.42      0.36      0.30     17635

