              precision    recall  f1-score   support

           0       0.78      0.73      0.75        59
           1       0.89      0.84      0.86      2491
           2       0.85      0.76      0.80      2705
           3       0.70      0.85      0.76       383
           4       0.77      0.89      0.82      1168
           5       0.61      0.72      0.66      1088
           6       0.81      0.80      0.81      4660
           7       0.80      0.80      0.80      5081

    accuracy                           0.80     17635
   macro avg       0.77      0.80      0.78     17635
weighted avg       0.81      0.80      0.80     17635

