              precision    recall  f1-score   support

           0       0.78      0.80      0.79        59
           1       0.90      0.87      0.88      2491
           2       0.84      0.84      0.84      2705
           3       0.83      0.83      0.83       383
           4       0.82      0.88      0.85      1168
           5       0.72      0.73      0.73      1088
           6       0.82      0.86      0.84      4660
           7       0.86      0.82      0.84      5081

    accuracy                           0.84     17635
   macro avg       0.82      0.83      0.82     17635
weighted avg       0.84      0.84      0.84     17635

